15.5,1.0005,0.000577089,4.0001e-05,4,1,0.04
14.99,1.03217,0.000660097,4.9962e-05,5,2,0.11
14.59,1.05689,0.000737297,5.9998e-05,6,3,0.12
14.23,1.07684,0.000825739,7.0611e-05,7,4,0.11
13.9,1.09334,0.000918754,8.2703e-05,8,5,0.12
13.58,1.10724,0.00101038,9.6447e-05,9,6,0.14
13.26,1.11911,0.00112485,0.000112473,10,7,0.13
12.98,1.12938,0.00114989,0.000128024,11,8,0.6253
12.74,1.13844,0.00129053,0.000142735,12,9,0.1046
12.52,1.14622,0.00131207,0.000158506,13,10,0.736
12.31,1.15331,0.00149061,0.000175717,14,11,0.0964
12.08,1.15939,0.00151507,0.000197027,15,12,0.8754
11.9,1.16495,0.0015331,0.000213178,16,13,0.9
11.74,1.16993,0.00171915,0.000229588,17,14,0.0923
11.57,1.17442,0.00174163,0.000250688,18,15,0.9328
11.42,1.17851,0.00175978,0.000267991,19,16,0.9533
11.3,1.18218,0.00190788,0.000284697,20,17,0.1169
