15.5,1.0005,0.000577089,4.0001e-05,15.5,1.0005,4,1,0.04
14.99,1.03217,0.000660097,4.9962e-05,14.99,1.03217,5,2,0.11
14.59,1.05689,0.000737297,5.9998e-05,14.59,1.05689,6,3,0.12
14.23,1.07684,0.000825739,7.0611e-05,14.25,1.07684,7,4,0.11
13.9,1.09334,0.000918754,8.2703e-05,13.95,1.09334,8,5,0.12
13.58,1.10724,0.00101038,9.6447e-05,13.7,1.10724,9,6,0.14
13.26,1.11911,0.00112485,0.000112473,13.47,1.11911,10,7,0.13
12.98,1.12938,0.00114989,0.000128024,13.27,1.12938,11,8,0.6253
12.74,1.13844,0.00129053,0.000142735,13.08,1.13834,12,9,0.1046
12.52,1.14622,0.00131207,0.000158506,12.92,1.14622,13,10,0.736
12.31,1.15331,0.00149061,0.000175717,12.76,1.15319,14,11,0.0964
12.08,1.15939,0.00151507,0.000197027,12.62,1.1594,15,12,0.8754
11.9,1.16495,0.0015331,0.000213178,12.48,1.16495,16,13,0.9
11.74,1.16993,0.00171915,0.000229588,12.36,1.16994,17,14,0.0923
11.57,1.17442,0.00174163,0.000250688,12.24,1.17443,18,15,0.9328
11.42,1.17853,0.00175984,0.000268051,12.13,1.1785,19,16,0.9533
11.29,1.18218,0.00193714,0.000285462,12.03,1.18218,20,17,0.1023
11.15,1.18553,0.00195884,0.000307562,11.93,1.18553,21,18,1.0125
11.03,1.18848,0.00197661,0.000325662,11.84,1.18857,22,19,1.0125
10.91,1.19135,0.00216238,0.000345762,11.75,1.19135,23,20,0.1023
10.78,1.19383,0.00218702,0.000370862,11.66,1.19389,24,21,1.0125
10.66,1.19617,0.00220873,0.000392962,11.58,1.19621,25,22,1.0125
10.53,1.19844,0.00251547,0.000423084,11.5,1.19833,26,23,0.0982
10.2,1.20025,0.00259707,0.000506184,11.43,1.20028,27,24,1.0125
10.03,1.20204,0.00264037,0.000550284,11.36,1.20206,28,25,1.0125
9.92,1.2037,0.00266894,0.000579384,11.29,1.2037,29,26,1.0125
9.81,1.20531,0.00303245,0.00061657,11.23,1.20519,30,27,0.1023
9.45,1.20656,0.00316576,0.00075367,11.16,1.20657,31,28,1.0225
9.29,1.20783,0.00323067,0.00081977,11.1,1.20783,32,29,1.0125
9.19,1.20896,0.00327201,0.00086187,11.04,1.20898,33,30,1.0125
9.11,1.21001,0.00330451,0.00089497,10.98,1.21003,34,31,1.0125
9.05,1.21099,0.0033321,0.00092307,10.93,1.211,35,32,1.0125
8.99,1.21187,0.0036488,0.00095417,10.88,1.21188,36,33,0.0923
8.89,1.21268,0.00370782,0.00101427,10.82,1.21268,37,34,1.0125
8.76,1.21341,0.00378549,0.00109337,10.77,1.21341,38,35,1.0125
8.66,1.21408,0.00385432,0.00116347,10.72,1.21408,39,36,1.0125
8.57,1.21467,0.00390941,0.00121957,10.68,1.21468,40,37,1.0125
8.51,1.21521,0.00395468,0.00126567,10.63,1.21522,41,38,1.0125
8.45,1.21571,0.00399405,0.00130577,10.59,1.21571,42,39,1.0125
8.41,1.21614,0.00402655,0.00133887,10.54,1.21615,43,40,1.0125
8.37,1.21653,0.00405415,0.00136697,10.5,1.21654,44,41,1.0125
8.33,1.21688,0.00438233,0.00140307,10.46,1.21688,45,42,0.1041
8.31,1.21698,0.00440589,0.00142707,10.42,1.21719,46,43,1.0125
8.31,1.21698,0.00440589,0.00142707,10.38,1.21745,47,44,1.0125
8.29,1.21699,0.00441669,0.00143807,10.34,1.21767,48,45,1.0125
8.29,1.21699,0.00441669,0.00143807,10.3,1.21786,49,46,1.0125
8.29,1.21699,0.00441866,0.00144007,10.26,1.21802,50,47,1.0125
8.29,1.21699,0.00441866,0.00144007,10.23,1.21815,51,48,1.0125
8.28,1.217,0.00442651,0.00144807,10.19,1.21825,52,49,1.0125
