15.5,1.0005,0.000577089,4.0001e-05,4,1,0.04
14.99,1.03217,0.000660097,4.9962e-05,5,2,0.11
14.59,1.05754,0.000723966,5.9785e-05,6,3,0.1538
14.27,1.07687,0.00081384,6.9208e-05,7,4,0.104846
13.95,1.0941,0.000887462,8.0531e-05,8,5,0.1538
13.69,1.10764,0.000937821,9.0754e-05,9,6,0.203
13.46,1.11927,0.00100104,0.000100477,10,7,0.1538
13.26,1.1295,0.0010561,0.0001103,11,8,0.1784
13.08,1.13846,0.00112062,0.000120223,12,9,0.1538
12.91,1.14632,0.00117792,0.000130446,13,10,0.1784
12.75,1.15325,0.00123635,0.000140869,14,11,0.1784
12.59,1.15957,0.00130997,0.000152192,15,12,0.1538
12.44,1.16507,0.00137849,0.000164415,16,13,0.1784
12.29,1.17,0.00144362,0.000177638,17,14,0.203
12.13,1.17452,0.00152671,0.000192461,18,15,0.1784
11.98,1.1785,0.00154616,0.000206934,19,16,0.7442
11.85,1.18223,0.00162252,0.000220557,20,17,0.1784
11.72,1.18559,0.00170505,0.00023528,21,18,0.1784
11.6,1.18857,0.00172229,0.000249803,22,19,0.8426
11.49,1.19139,0.00180526,0.000263926,23,20,0.1702
11.37,1.19394,0.00189508,0.000279949,24,21,0.1784
11.26,1.19621,0.00191254,0.000296522,25,22,0.9492
11.15,1.19837,0.00200516,0.000313045,26,23,0.1784
